!SpecName      geometry     potential well depth     collision diameter     dipole moment     polarizability     rotational relaxation number
H2                 1    38.000     2.920     0.000     0.790   280.000
O2                 1   107.400     3.458     0.000     1.600     3.800
H                  0   145.000     2.050     0.000     0.000     0.000
O                  0    80.000     2.750     0.000     0.000     0.000
OH                 1    80.000     2.750     0.000     0.000     0.000
HO2                2   107.400     3.458     0.000     0.000     1.000
H2O                2   572.400     2.605     1.844     0.000     4.000
H2O2               2   107.400     3.458     0.000     0.000     3.800
NO                 1   139.320     3.339     0.000     0.000     0.000
NH3                1   481.000     2.920     0.000     0.000     0.000
NH2                2    80.000     2.650     0.000     0.000     0.000
NH                 1    80.000     2.650     0.000     0.000     0.000
N                  0    71.400     3.298     0.000     0.000     0.000
NNH                2    71.400     3.798     0.000     0.000     0.000
N2H4               2   205.000     4.230     0.000     0.000     0.000
N2H3               2   200.000     3.900     0.000     0.000     0.000
N2H2               2    71.400     3.798     0.000     0.000     0.000
H2NN               2    71.400     3.798     0.000     0.000     0.000
NH2OH              1   116.700     3.492     0.000     0.000     0.000
H2NO               2   116.700     3.492     0.000     0.000     0.000
HNOH               2   116.700     3.492     0.000     0.000     0.000
HNO                1   116.700     3.492     0.000     0.000     0.000
HON                1   116.700     3.492     0.000     0.000     0.000
NO2                2   333.590     3.852     0.000     0.000     0.000
HONO               2   350.000     3.950     0.000     0.000     0.000
HNO2               2   350.000     3.950     0.000     0.000     0.000
NO3                1   400.000     4.200     0.000     0.000     0.000
HONO2              1   400.000     4.200     0.000     0.000     0.000
N2O                2   232.400     3.828     0.000     0.000     0.000
N2                 1    97.530     3.621     0.000     1.760     4.000